AVERAGE TEST LOSS LIST GRADIENT:  [5.06845822e-05 5.03525770e-05 5.00223273e-05 4.96939128e-05
 4.93674148e-05 4.90429163e-05 4.87205017e-05 4.84002567e-05
 4.80822681e-05 4.77666234e-05 4.74534107e-05 4.71427181e-05
 4.68346340e-05 4.65292462e-05 4.62266416e-05 4.59269064e-05
 4.56301249e-05 4.53363798e-05 4.50457515e-05 4.47583177e-05
 4.44741531e-05 4.41933291e-05 4.39159132e-05 4.36419688e-05
 4.33715548e-05 4.31047253e-05 4.28415294e-05 4.25820107e-05
 4.23262074e-05 4.20741519e-05 4.18258706e-05 4.15813841e-05
 4.13407066e-05 4.11038466e-05 4.08708061e-05 4.06415816e-05
 4.04161631e-05 4.01945354e-05 3.99766773e-05 3.97625624e-05
 3.95521593e-05 3.93454315e-05 3.91423379e-05 3.89428335e-05
 3.87468690e-05 3.85543916e-05 3.83653453e-05 3.81796711e-05
 3.79973075e-05 3.78181906e-05 3.76422549e-05]


AVERAGE TEST LOSS LIST HESSIAN BATCH SIZE  128 :  [5.06845822e-05 3.00212658e-05 2.66126251e-05 2.44944169e-05
 2.29668631e-05 2.17276377e-05 2.07569900e-05 1.99295569e-05
 1.92682890e-05 1.86717323e-05 1.81611543e-05 1.76840367e-05
 1.72576712e-05 1.68498755e-05 1.65012919e-05 1.61770707e-05
 1.58754602e-05 1.55919383e-05 1.53400391e-05 1.51029134e-05
 1.48733721e-05 1.46632200e-05 1.44629237e-05 1.42773538e-05
 1.41022206e-05 1.39362578e-05 1.37791238e-05 1.36313660e-05
 1.34876675e-05 1.33514087e-05 1.32248620e-05 1.31042027e-05
 1.29893898e-05 1.28803684e-05 1.27755557e-05 1.26765959e-05
 1.25803762e-05 1.24892949e-05 1.24035090e-05 1.23207609e-05
 1.22371006e-05 1.21586660e-05 1.20852955e-05 1.20147773e-05
 1.19466643e-05 1.18822495e-05 1.18182518e-05 1.17587777e-05
 1.17019760e-05 1.16461425e-05 1.15937521e-05]


 AVERAGE TEST LOSS LIST HESSIAN BATCH SIZE  256 :  [5.06845822e-05 3.21761775e-05 2.88776517e-05 2.67483968e-05
  2.51412074e-05 2.39002013e-05 2.28747035e-05 2.19982202e-05
  2.12433995e-05 2.05843968e-05 2.00021481e-05 1.94735381e-05
  1.90043394e-05 1.85679302e-05 1.81722945e-05 1.78106795e-05
  1.74770931e-05 1.71613352e-05 1.68681291e-05 1.65983451e-05
  1.63441294e-05 1.61030385e-05 1.58759428e-05 1.56666509e-05
  1.54633489e-05 1.52719992e-05 1.50919379e-05 1.49164584e-05
  1.47504231e-05 1.45929175e-05 1.44425312e-05 1.42979881e-05
  1.41604442e-05 1.40297599e-05 1.39038612e-05 1.37814289e-05
  1.36655869e-05 1.35545398e-05 1.34466100e-05 1.33445236e-05
  1.32467835e-05 1.31498536e-05 1.30578555e-05 1.29690933e-05
  1.28828036e-05 1.28002417e-05 1.27211668e-05 1.26457581e-05
  1.25723814e-05 1.24999578e-05 1.24312970e-05]


  AVERAGE TEST LOSS LIST HESSIAN BATCH SIZE  612 :  [5.06845822e-05 3.24701690e-05 2.95600290e-05 2.75992491e-05
 2.61068352e-05 2.48965357e-05 2.38989975e-05 2.30532310e-05
 2.23177668e-05 2.16666455e-05 2.10855743e-05 2.05622261e-05
 2.00864553e-05 1.96456354e-05 1.92433628e-05 1.88689964e-05
 1.85211945e-05 1.81995534e-05 1.78965981e-05 1.76110766e-05
 1.73444531e-05 1.70942413e-05 1.68584881e-05 1.66329850e-05
 1.64203427e-05 1.62137650e-05 1.60199538e-05 1.58346572e-05
 1.56584793e-05 1.54904726e-05 1.53285015e-05 1.51738580e-05
 1.50254253e-05 1.48822676e-05 1.47445365e-05 1.46120801e-05
 1.44839542e-05 1.43616693e-05 1.42435360e-05 1.41304437e-05
 1.40215147e-05 1.39161240e-05 1.38131435e-05 1.37150718e-05
 1.36201099e-05 1.35282073e-05 1.34386797e-05 1.33523590e-05
 1.32694378e-05 1.31885296e-05 1.31098709e-05]


 AVERAGE TEST LOSS LIST HESSIAN BATCH SIZE  1024 :  [5.06845822e-05 3.27915232e-05 2.98326952e-05 2.78384022e-05
 2.63406946e-05 2.51404289e-05 2.41454139e-05 2.32914711e-05
 2.25553883e-05 2.19035554e-05 2.13175906e-05 2.07904473e-05
 2.03116981e-05 1.98741750e-05 1.94722825e-05 1.90971547e-05
 1.87482326e-05 1.84250139e-05 1.81203682e-05 1.78352338e-05
 1.75663986e-05 1.73123645e-05 1.70735812e-05 1.68459985e-05
 1.66305664e-05 1.64258370e-05 1.62310651e-05 1.60421974e-05
 1.58638936e-05 1.56925868e-05 1.55279050e-05 1.53711397e-05
 1.52192648e-05 1.50746805e-05 1.49360489e-05 1.48021656e-05
 1.46730884e-05 1.45500073e-05 1.44316114e-05 1.43165546e-05
 1.42054187e-05 1.40989472e-05 1.39950877e-05 1.38946422e-05
 1.37976980e-05 1.37042271e-05 1.36130680e-05 1.35248693e-05
 1.34391716e-05 1.33562806e-05 1.32756427e-05]
