1000iter


AVERAGE TEST LOSS LIST HESSIAN BATCH SIZE  1024 :  [5.06845822e-05 3.28376421e-05 2.98863985e-05 2.78893047e-05
 2.63915825e-05 2.51939510e-05 2.41934015e-05 2.33423132e-05
 2.26009381e-05 2.19426864e-05 2.13577791e-05 2.08302001e-05
 2.03460984e-05 1.99058423e-05 1.94987265e-05 1.91241304e-05
 1.87747824e-05 1.84488964e-05 1.81452140e-05 1.78583312e-05
 1.75888260e-05 1.73348260e-05 1.70954312e-05 1.68664000e-05
 1.66501688e-05 1.64434170e-05 1.62479541e-05 1.60607253e-05
 1.58825351e-05 1.57106481e-05 1.55472222e-05 1.53911954e-05
 1.52407173e-05 1.50952998e-05 1.49566106e-05 1.48225051e-05
 1.46942851e-05 1.45695680e-05 1.44498674e-05 1.43342208e-05
 1.42222759e-05 1.41147284e-05 1.40102582e-05 1.39094898e-05
 1.38123061e-05 1.37177956e-05 1.36271249e-05 1.35388454e-05
 1.34533414e-05 1.33706029e-05 1.32896211e-05 1.32109646e-05
 1.31349556e-05 1.30610004e-05 1.29895982e-05 1.29198903e-05
 1.28518141e-05 1.27858910e-05 1.27216286e-05 1.26595565e-05
 1.25993135e-05 1.25403194e-05 1.24825985e-05 1.24261579e-05
 1.23718392e-05 1.23183039e-05 1.22664676e-05 1.22161267e-05
 1.21669852e-05 1.21189530e-05 1.20723329e-05 1.20266943e-05
 1.19823723e-05 1.19389647e-05 1.18966232e-05 1.18551621e-05
 1.18148372e-05 1.17754855e-05 1.17371423e-05 1.16998018e-05
 1.16633746e-05 1.16275809e-05 1.15925852e-05 1.15584761e-05
 1.15251890e-05 1.14923052e-05 1.14605076e-05 1.14293851e-05
 1.13987829e-05 1.13692197e-05 1.13400450e-05 1.13116816e-05
 1.12836799e-05 1.12564624e-05 1.12300314e-05 1.12039375e-05
 1.11785226e-05 1.11536121e-05 1.11290586e-05 1.11052895e-05
 1.10820359e-05]
